1 1 1 0
1 1 2 25.3331202225999
1 1 3 25.931095832262
1 1 4 25.3173653571436
1 1 5 25.7248046973977
1 1 6 24.8650369692647
1 2 1 19.8429526752714
1 2 2 20.2500148934278
1 2 3 18.0090388449853
1 2 4 21.2347341326811
1 2 5 20.3416068726839
1 2 6 18.8710012407115
2 1 1 28.1295427037319
2 1 2 26.5896647796521
2 1 3 27.4427426381269
2 1 4 28.5302839723647
2 1 5 28.2764433509247
2 1 6 27.9862236577133
2 2 1 22.7701612102359
2 2 2 23.0690228042558
2 2 3 20.9065668132886
2 2 4 22.8199653877958
2 2 5 21.0017530168373
2 2 6 21.6765756451361
3 1 1 14.1916919711995
3 1 2 16.5421522785372
3 1 3 16.795517739415
3 1 4 15.1089823816897
3 1 5 18.9834878742086
3 1 6 14.8371801910793
3 2 1 9.58705091282524
3 2 2 11.2863280253158
3 2 3 8.88269314353913
3 2 4 11.2549300564513
3 2 5 11.0797338502927
3 2 6 0